,0
0,116.25284417729777
1,117.82674437412692
2,-21.714450199542117
3,-45.25249996436384
4,-95.56509573564439
5,-43.414647782164174
6,-76.60927850410324
7,23.11798830908135
8,173.67293097329852
9,173.55141478456434
10,-105.6449297947308
11,-20.98525195125452
12,-4.151466717081859
13,123.96938345338008
14,41.7710665298576
15,45.35955773000054
16,-187.91441406968298
17,23.840342750253892
18,10.669148025331474
19,138.05783126825668
20,64.89802143395212
21,-61.93604594344115
22,-108.62118194777418
23,-6.628876920307339
24,-59.37510826479889
25,11.747304898189974
26,30.60775289330676
27,107.64996891513303
28,25.16892220771056
29,-26.672207745461954
30,111.78738818069287
31,-44.826757471408364
32,216.91296872437647
33,-12.604426917830299
34,-228.85908452755027
35,155.200135119902
36,-0.0892946616444874
37,12.498109081069622
38,-309.66491188259425
39,78.04674000362887
40,-80.72867567919813
41,-207.26670777702535
42,-238.76269659674162
43,134.75492912886807
44,-74.8365331388092
45,107.59937719762466
46,-3.3109319961121875
47,21.256710526410387
48,-97.51928575924018
49,-27.068955498823726
50,10.331827644823179
51,-174.04040662267755
52,66.0167704375749
53,-96.50515758468524
54,-106.87520051323794
55,-155.12117289705088
56,61.577332331086396
57,109.57839519673985
58,-74.84655444016832
59,40.45986654036656
60,41.817493778287954
61,-50.26934943270991
62,165.46266913406396
63,45.3618064381868
64,57.83722590822848
65,23.942470655156338
66,82.28567261719088
67,-1.4770307207470132
68,-2.4831163482858214
69,2.11818715508071
70,-25.010593318545165
71,162.14683966823236
72,-40.96578926525388
73,21.260163838015565
74,-66.01484573328786
75,-67.84937691549959
76,37.35116099892168
77,-159.86101530198496
78,-1.5183502743566315
79,151.11261100384752
80,-37.76389886580265
81,-119.86689881067265
82,-195.3848754053276
83,35.73272361521783
84,147.21658872603808
85,271.7399933250219
86,-256.9054766155397
87,-87.44526230632414
88,74.95585348852507
89,-90.06532567277617
90,-49.77116810743776
91,126.68780148124767
92,-164.57918723254826
93,-117.07460060801866
94,48.15056529375563
95,97.76380034208627
96,-215.277421049943
97,-121.4345364069466
98,-171.75347646738498
99,-50.35760273967781
100,127.78983171215152
101,-83.67794566996737
102,-3.8308616193709186
103,-2.2570609485105084
104,0.16802031359335245
105,81.88686229889028
106,44.88598957562698
107,93.1540470534712
108,-31.394854559497055
109,-84.23834838417724
110,36.77619542145736
111,17.636267572193095
112,118.4095873524663
113,7.429266021296233
114,73.79009889837603
115,32.724016498165675
116,-141.4347945343575
117,8.335015679535305
118,20.34474002627342
119,-23.204361580090218
120,-22.037006829320596
121,-255.1282969544637
122,268.2522723103443
123,153.28507840662988
124,13.008686020899674
125,83.38360081337026
126,-13.222170230894331
127,-153.94691467697336
128,113.13826259073231
129,-31.829444925275375
130,-215.73133664493653
131,121.797994875699
132,-30.705576579535446
133,-85.89895762059653
134,170.97810258259594
135,40.89491665390633
136,-19.33723639308011
137,64.03680523049512
138,46.82523617951954
139,-175.5582907946769
140,129.59081073641255
141,-73.81350660855821
142,213.28533001787886
143,135.53504145091537
144,-0.7503959107633573
145,-154.71800317596956
146,-15.978128570490064
147,134.07656029524549
148,36.36891117544692
149,57.845112276669894
150,-3.565441477298429
151,-43.24765640122831
152,18.41814011765248
153,-71.4673514341073
154,27.8553861561986
155,141.74382357844928
156,347.43497745406415
157,216.7807884126315
158,28.44320463678178
159,-37.102302645310964
160,-171.14749555258302
161,13.528856663897145
162,299.74611995176406
163,76.73865943426901
164,-21.501745253089428
165,155.16731781057953
166,-155.7828889200371
167,140.32469627285252
168,171.72804591416133
169,-45.83560076786926
170,66.12618401476456
171,97.82732762023966
172,95.3587914190258
173,31.69356440006346
174,175.33670152037186
175,-151.78051140511604
176,-95.07354268604962
177,-171.4502914486336
178,-18.426276882416186
179,-108.24455222864657
180,-15.145840144614493
181,-59.71025702459661
182,-75.52047830665794
183,68.76307041167884
184,-68.96548182659375
185,88.50939080097562
186,-58.21475802950694
187,-110.82280380751294
188,-78.3134836749936
189,185.88155310023905
190,-41.35125407824056
191,219.9636319543378
192,-55.52551860039376
193,-84.1703741121405
194,46.64776190452438
195,2.128950897669246
196,71.44077341451337
197,-61.66345179094282
198,210.23829793865445
199,-137.93639445295415
200,-95.44421863951023
201,-115.1344919234175
202,24.600522153888026
203,55.01839477612348
204,151.6582400969406
205,48.6055281856256
206,90.71328134324399
207,173.59395735033598
208,-270.4187160562596
209,-174.16768908117544
210,-105.4156248150725
211,-82.55831724821928
212,28.532709791861755
213,-49.26836500424611
214,78.71707158752946
215,-19.656412687515058
216,-52.36444396520159
217,-29.14012221533725
218,66.73899492232847
219,92.42865148343289
220,-81.73528121144508
221,-148.48726958252678
222,50.74367072307985
223,238.1065318830745
224,-47.52176901343642
225,15.922680689130058
226,-60.68260101194796
227,13.791972735368287
228,10.465852986290344
229,38.44446928338185
230,115.00869915982068
231,19.244118866732023
232,-108.71596444705713
233,46.13584316605413
234,99.40144963642209
235,-88.450431608008
236,-176.82478715446788
237,170.3390201753893
238,109.23419416867452
239,64.69422390622294
240,-9.200671767139298
241,-24.36240269975154
242,-47.9761229633807
243,-171.2702063740824
244,-64.97783687848158
245,-27.38045094005573
246,-171.33950625363474
247,-29.413899568314882
248,34.69820483193822
249,-122.94733631061865
250,16.650422673301932
251,0.013390416532894633
252,-253.63019910350894
253,-255.08899209635334
254,-165.99282044011673
255,48.425636670234056
256,130.88968893546425
257,71.84772132347808
258,119.00453257945051
259,94.75870248217613
260,21.915830567123045
261,-305.57417435512855
262,187.07782450687478
263,-129.95884885055875
264,-44.83213083544541
265,-83.96498696614987
266,-87.13034759935044
267,137.03568294617713
268,161.9768723610744
269,-41.475054217183356
270,-142.05917896400328
271,113.29281883732979
272,-21.049887210136774
273,87.84933346139425
274,106.45272664413
275,25.97903806481014
276,-51.194531317115064
277,-26.10463734350197
278,30.924970756391367
279,72.60395954114475
280,28.565825871737488
281,-128.63720059343666
282,-14.22967592218054
283,-13.04390288164544
284,-127.16433815372272
285,163.5540824580428
286,-11.340017400138091
287,-134.50624088157102
288,207.1034046427249
289,48.904420436244116
290,93.6345414438317
291,30.82072378673606
292,207.58801205792446
293,-38.6021805007712
294,-31.28872558709628
295,-41.33652603677554
296,52.21995633425654
297,-62.87780607346654
298,93.47917571074947
299,-85.3143765919751
300,-94.90001812384845
301,-24.018708485405636
302,-90.51132873559538
303,-24.09603625972861
304,60.97589874483271
305,-32.491602663601846
306,-73.63941284668807
307,-180.1962833671487
308,-162.8454810779948
309,40.12247478165444
310,83.82627818112545
311,303.6999267961592
312,129.5188548108316
313,130.97514054643588
314,53.061218047986706
315,-21.327922419800732
316,184.72798591591066
317,-59.96492590120493
318,129.5401112086646
319,152.24775523139917
320,-33.44360915705962
321,-203.4306817538746
322,-98.62479328554176
323,4.351182745036939
324,-45.715408550771215
325,-37.627218860400475
326,157.73379748297933
327,134.32755466329408
328,26.034524878300118
329,-89.25091348266433
330,187.74352915340788
331,-64.23493131619732
332,66.85567912032027
333,80.4537870150647
334,99.45551421384349
335,-106.0194354681237
336,113.62403232303475
337,-35.11792517842712
338,88.85797341655444
339,-82.2499603332413
340,-202.48002405410367
341,157.55024358786397
342,-93.3743648798984
343,65.5935082790842
344,125.27923282144084
345,31.185546231810072
346,-175.19908540976
347,-34.27455490932303
348,-48.84405387961219
349,-117.64122273487192
350,10.529282997743877
351,-87.44497739586673
352,-38.10190604603207
353,-163.89830859440355
354,-220.30376495331248
355,5.342489813098886
356,-206.14653563645712
357,185.94365154309133
358,-8.827512144038327
359,19.359353148015806
360,32.71444810288681
361,241.89985499642594
362,-27.00213404574118
363,135.22064163451532
364,57.46336536644455
365,9.837339055031249
366,-87.41040097817594
367,-9.770273414969903
368,222.4619774546778
369,-14.878410694471775
370,-136.4654935174824
371,-51.37942594231768
372,-92.76625046368046
373,8.277720325266557
374,-15.589914406655247
375,-64.3211295794115
376,-15.637654716238384
377,-172.38381516659055
378,-122.99734099901866
379,44.37006760578378
380,-35.96040568244157
381,-158.18312982095873
382,86.3801097816551
383,-0.040871427692104945
384,134.0353052233107
385,-46.793477749918054
386,3.934169137109323
387,174.40298263511872
388,171.63292887608887
389,45.89161789148859
390,-26.457694320100032
391,60.29374944097171
392,112.37932260145499
393,-36.7279488869866
394,-69.22890036386177
395,-82.55612751677108
396,-186.48680188636675
397,126.10816984565115
398,64.21372569819057
399,57.16610529342022
